0.866025403784 0.5
0.85914885901 0.536855790723
0.851327919711 0.574227932471
0.842525047346 0.612130277807
0.832700066608 0.650576593232
0.821810019395 0.689580484172
0.80980901068 0.729155308325
0.796648046291 0.769314075775
0.782274862747 0.810069334091
0.766633749415 0.851433036391
0.749665363451 0.893416390136
0.731306538187 0.936029684121
0.711490085917 0.979282090851
0.690144596341 1.02318144116
0.667194232356 1.06773396762
0.642558525338 1.11294401272
0.61615217267 1.15881369782
0.587884840944 1.20534254779
0.557660979138 1.25252706652
0.525379647008 1.30036025736
0.490934365155 1.3488310827
0.454212994577 1.39792385578
0.415097655135 1.44761755812
0.373464694218 1.49788507492
0.329184719099 1.54869234105
0.282122708902 1.59999738989
0.232138224965 1.65174929733
0.179085741564 1.70388701379
0.122815122484 1.75633807792
0.0631722728764 1.80901720655
-2.36644497029e-15 1.86182475787
-0.0668608790524 1.91464506726
-0.137570139991 1.96734465891
-0.212286417159 2.01977034153
-0.291165081192 2.07174720293
-0.374355673696 2.1230765263
-0.461998841804 2.17353366169
-0.554222715066 2.22286589852
-0.651138669311 2.2707904003
-0.752836427993 2.31699228062
-0.85937846221 2.36112291969
-0.970793667482 2.40279864376
-1.08707031989 2.4415999143
-1.20814834788 2.47707119886
-1.33391100017 2.50872172044
-1.46417604592 2.53602730276
-1.59868671083 2.55843354446
-1.73710263141 2.57536055963
-1.87899119725 2.58620951261
-2.02381974313 2.59037114529
-2.17094914332 2.58723644089
-2.31962943888 2.57620948458
-2.46899818527 2.55672246554
-2.61808222558 2.52825261676
-2.76580356185 2.49034071283
-2.91098989753 2.44261054937
-3.05239024837 2.38478862754
-3.18869576388 2.31672308133
-3.31856557103 2.23840074136
-3.44065706625 2.14996115113
-3.55365966923 2.05170636664
-3.65633065613 1.94410549514
-3.74753135805 1.82779316999
-3.82626179343 1.70356150794
-3.89169174075 1.57234552613
-3.94318637562 1.43520246889
-3.9803248969 1.29328595641
-4.00291102487 1.14781626598
-4.01097482567 1.00004834274
-4.00476593468 0.851239277369
-3.98473884863 0.702616970091
-3.95153146639 0.555351530639
-3.90593843174 0.410530671863
-3.84888104015 0.269139980688
-3.78137551123 0.132048542589
-3.7045013168 -1.4352490996e-14
-3.6193710243 -0.126391221245
-3.52710280814 -0.24663905477
-3.42879644075 -0.360381027786
-3.32551323732 -0.467370406186
-3.21826012381 -0.567466090766
-3.10797774483 -0.660621063188
-2.99553233559 -0.746870094684
-2.88171095153 -0.826317318441
-2.76721957421 -0.899124143462
-2.65268358442 -0.965497865656
-2.53865010223 -1.02568121952
-2.42559172827 -1.07994301627
-2.31391127144 -1.12856993413
-2.20394710726 -1.17185946382
-2.09597887285 -1.21011396646
-1.99023326309 -1.24363576925
-1.88688974729 -1.27272320489
-1.78608607305 -1.29766749075
-1.68792346405 -1.3187503411
-1.59247145238 -1.33624220835
-1.49977231176 -1.35040105503
-1.40984507899 -1.361471567
-1.32268916613 -1.36968472725
-1.23828757677 -1.37525767972
-1.15660974765 -1.37839382199
-1.07761404116 -1.37928307471
-1.00124991731 -1.37810228406
-0.927459814399 -1.37501572069
-0.856180767598 -1.37017564549
-0.787345793726 -1.36372291786
-0.720885068767 -1.3557876273
-0.656726922962 -1.34648973302
-0.594798676186 -1.33593969978
-0.535027334248 -1.32423912122
-0.477340164643 -1.31148132376
-0.42166516831 -1.29775194671
-0.367931462063 -1.28312949514
-0.316069584623 -1.26768586368
-0.266011737586 -1.25148683012
-0.217691971223 -1.23459251867
-0.171046323724 -1.21705783295
-0.126012921336 -1.19893285953
-0.0825320458361 -1.18026324299
-0.0405461748843 -1.16109053364
-9.33400279716e-15 -1.1414525093
0.0391595737554 -1.12138347251
0.0769834429291 -1.10091452462
0.113520332703 -1.0800738183
0.148816833291 -1.05888678978
0.182917443592 -1.03737637233
0.215864620303 -1.01556319225
0.247698831011 -0.993465748678
0.278458609982 -0.971100578464
0.308180615622 -0.948482407176
0.336899688722 -0.925624287385
0.364648910784 -0.902537725194
0.391459661824 -0.879232795958
0.417361677178 -0.855718250047
0.442383102913 -0.832001609471
0.466550549534 -0.808089256093
0.489889143736 -0.783986512122
0.512422577994 -0.759697713518
0.534173157856 -0.735226276875
0.555161846803 -0.710574760328
0.575408308594 -0.685744918976
0.594930947049 -0.660737755252
0.613746943192 -0.635553564671
0.631872289753 -0.610191977326
0.649321823001 -0.584651995481
0.666109251885 -0.55893202758
0.682247184492 -0.533029918968
0.697747151818 -0.506942979591
0.712619628837 -0.480668008919
0.72687405288 -0.454201318343
0.740518839318 -0.42753875122
0.753561394535 -0.40067570081
0.766008126185 -0.373607126247
0.777864450717 -0.346327566741
0.789134798142 -0.318831154169
0.799822614019 -0.291111624196
0.80993035861 -0.26316232609
0.819459503181 -0.234976231353
0.828410523367 -0.206545941325
0.836782889561 -0.177863693869
0.844575054245 -0.148921369297
0.851784436172 -0.119710495646
0.85840740132 -0.0902222534622
0.864439240494 -0.0604474802066
0.869874143469 -0.030376674451
0.874705169549 -2.27441743778e-14
0.878924214376 0.0306927098909
0.882521972855 0.0617119480318
0.885487898023 0.0930685283587
0.887810155663 0.124773580334
0.889475574483 0.156838542462
0.890469591643 0.189275154671
0.890776193411 0.222095449283
0.890377850707 0.255311740272
0.889255449287 0.288936610456
0.887388214321 0.322982896251
0.884753629077 0.35746366955
0.881327347462 0.392392216237
0.877083100116 0.427782010807
0.871992593798 0.463646686462
0.866025403784 0.5
