0 0 0.942884030772 0.566541882401 1.1 0.00230841102696 0.202573459743
1 142.076992764 0.817022530304 0.751464554661 1.11005621116 0.20488187077 0.202573459743
2 284.153985528 0.669840498121 0.922087258313 1.13970663105 0.403801652205 0.198919781434
3 426.230978293 0.505401217071 1.07480282283 1.18770008764 0.592505938753 0.188704286548
4 568.307971057 0.328735448049 1.2075852406 1.25153070603 0.766267751533 0.17376181278
5 710.384963821 0.144859449098 1.32011057113 1.32803470588 0.92275714129 0.156489389757
6 852.461956585 -0.04196676612 1.41339573653 1.41401864115 1.06173610413 0.138978962844
7 994.538949349 -0.228542265097 1.4892420371 1.50667627977 1.18432683834 0.122590734207
8 1136.61594211 -0.412681351384 1.54974618006 1.6037515769 1.29230303197 0.10797619363
9 1278.69293488 -0.593009792166 1.5969823654 1.70352965604 1.38760321242 0.0953001804479
10 1420.76992764 -0.768737418816 1.63284073545 1.80475097629 1.47206660451 0.0844633920934
11 1562.84692041 -0.939467953681 1.65896903234 1.90650945087 1.54732125533 0.0752546508136
12 1704.92391317 -1.10505924877 1.676770031 2.00816176643 1.61475697409 0.0674357187661
13 1847.00090593 -1.26552733956 1.68742402367 2.10925562292 1.67553835004 0.0607813759495
14 1989.0778987 -1.42098306158 1.69191955433 2.20947610071 1.73063300718 0.0550946571338
15 2131.15489146 -1.5715911385 1.69108432579 2.30860670179 1.78084290056 0.0502098933862
16 2273.23188423 -1.71754419638 1.68561295094 2.40650142051 1.8268333879 0.0459904873431
17 2415.30887699 -1.85904649487 1.67609056508 2.50306481187 1.86915826163 0.0423248737208
18 2557.38586976 -1.99630391709 1.66301236815 2.59823776164 1.90828050279 0.0391222411625
19 2699.46286252 -2.12951796652 1.64679957117 2.69198729516 1.94458915559 0.0363086528015
20 2841.53985528 -2.25888231768 1.62781232399 2.78429924528 1.97841291714 0.0338237615505
21 2983.61684805 -2.38458098577 1.60636017556 2.87517294982 2.010031041 0.0316181238611
22 3125.69384081 -2.50678751449 1.58271054481 2.96461739715 2.03968208355 0.0296510425508
23 3267.77083358 -2.62566479517 1.55709559835 3.05264841064 2.06757093379 0.0278888502347
24 3409.84782634 -2.74136526869 1.52971785517 3.13928658341 2.09387448229 0.0263035485029
25 3551.9248191 -2.85403135028 1.50075477354 3.22455575835 2.11874621191 0.0248717296189
26 3694.00181187 -2.96379597475 1.47036252262 3.30848190683 2.1423199326 0.0235737206949
27 3836.07880463 -3.07078319717 1.4386790988 3.39109230092 2.16471283504 0.0223929024336
28 3978.1557974 -3.17510880833 1.4058269131 3.47241490239 2.1860279998 0.0213151647658
29 4120.23279016 -3.27688093972 1.3719149501 3.55247791315 2.20635646979 0.0203284699914
30 4262.30978293 -3.37620064362 1.33704057789 3.63130944604 2.22577897036 0.019422500569
31 4404.38677569 -3.47316243996 1.30129107259 3.70893728579 2.24436734415 0.0185883737895
32 4546.46376845 -3.56785482635 1.26474490827 3.78538871781 2.26218575367 0.0178184095127
33 4688.54076122 -3.66036075002 1.22747285322 3.8606904079 2.27929169385 0.0171059401811
34 4830.61775398 -3.75075804234 1.18953890548 3.93486832052 2.29573684852 0.0164451546763
35 4972.69474675 -3.83911981741 1.15100109456 4.00794766584 2.31156781791 0.015830969385
36 5114.77173951 -3.92551483688 1.11191217106 4.07995286869 2.32682673916 0.0152589212498
37 5256.84873227 -4.01000784337 1.07232020219 4.15090755377 2.34155181782 0.0147250786595
38 5398.92572504 -4.09265986493 1.0322690878 4.22083454303 2.3557777847 0.0142259668854
39 5541.0027178 -4.17352849296 0.991799009135 4.28975586206 2.36953629013 0.0137585054289
40 5683.07971057 -4.25266813593 0.950946820278 4.35769275298 2.3828562453 0.0133199551651
41 5825.15670333 -4.33013025115 0.909746390814 4.42466569218 2.39576411888 0.0129078735791
42 5967.2336961 -4.40596355644 0.868228906586 4.49069441121 2.40828419559 0.0125200767132
43 6109.31068886 -4.48021422373 0.826423134506 4.55579791999 2.42043880229 0.0121546067022
44 6251.38768162 -4.55292605628 0.784355656341 4.61999453134 2.43224850627 0.0118097039804
45 6393.46467439 -4.62414065091 0.742051075663 4.68330188631 2.44373228968 0.0114837834078
46 6535.54166715 -4.69389754681 0.699532201531 4.74573697975 2.45490770338 0.0111754136972
47 6677.61865992 -4.76223436216 0.656820211899 4.80731618586 2.46579100301 0.0108832996303
48 6819.69565268 -4.82918691956 0.613934799362 4.86805528337 2.47639726965 0.0106062666389
49 6961.77264544 -4.89478936154 0.570894301423 4.92796948015 2.48674051704 0.0103432473977
50 7103.84963821 -4.95907425682 0.527715817187 4.98707343723 2.49683378718 0.0100932701343
51 7245.92663097 -5.02207269832 0.484415312134 5.04538129202 2.50668923559 0.00985544840832
52 7388.00362374 -5.08381439368 0.441007712348 5.10290668068 2.51631820774 0.00962897215277
53 7530.0806165 -5.14432774875 0.397506989468 5.15966275964 2.52573130754 0.00941309980132
54 7672.15760927 -5.20363994502 0.353926237383 5.21566222631 2.53493845889 0.00920715135358
55 7814.23460203 -5.26177701114 0.310277741632 5.27091733875 2.54394896115 0.00901050225225
56 7956.31159479 -5.31876388933 0.26657304229 5.32543993463 2.55277153911 0.00882257796489
57 8098.38858756 -5.374624497 0.22282299106 5.37924144923 2.56141438829 0.00864284917871
58 8240.46558032 -5.42938178396 0.179037803186 5.43233293263 2.56988521582 0.00847082753014
59 8382.54257309 -5.48305778566 0.135227104743 5.48472506611 2.57819127762 0.00830606180187
60 8524.61956585 -5.53567367274 0.091399975759 5.53642817768 2.58633941215 0.00814813452948
61 8666.69655861 -5.5872497972 0.0475649896182 5.58745225703 2.59433607112 0.00799665896776
62 8808.77355138 -5.63780573547 0.00373024910719 5.63780696953 2.60218734749 0.00785127637359
63 8950.85054414 -5.68736032864 -0.0400965805635 5.68750166976 2.60989900106 0.00771165356794
64 9092.92753691 -5.73593172001 -0.0839082414658 5.73654541424 2.6174764818 0.00757748074458
65 9235.00452967 -5.78353739029 -0.127697855127 5.78494697358 2.6249249513 0.0074484694971
66 9377.08152244 -5.83019419049 -0.171458896937 5.83271484406 2.63224930234 0.00732435103969
67 9519.1585152 -5.87591837276 -0.215185172575 5.87985725862 2.63945417694 0.00720487460001
68 9661.23550796 -5.92072561931 -0.258870796285 5.92638219729 2.64654398291 0.00708980596531
69 9803.31250073 -5.96463106961 -0.302510170811 5.97229739715 2.65352290907 0.00697892616527
70 9945.38949349 -6.00764934585 -0.346097968865 6.01761036182 2.66039493935 0.0068720302768
71 10087.4664863 -6.04979457693 -0.389629115972 6.06232837044 2.66716386569 0.00676892633816
72 10229.543479 -6.09108042108 -0.433098774593 6.10645848627 2.67383330005 0.00666943436092
73 10371.6204718 -6.13152008703 -0.476502329396 6.15000756484 2.68040668548 0.00657338542977
74 10513.6974645 -6.1711263541 -0.519835373591 6.19298226172 2.68688730636 0.00648062088132
75 10655.7744573 -6.20991159109 -0.563093696236 6.23538903998 2.69327829791 0.00639099155404
76 10797.8514501 -6.24788777404 -0.606273270429 6.2772341772 2.69958265502 0.00630435710219
77 10939.9284428 -6.28506650314 -0.649370242326 6.31852377225 2.70580324038 0.00622058536772
78 11082.0054356 -6.32145901859 -0.692380920897 6.35926375167 2.71194279219 0.0061395518044
79 11224.0824284 -6.35707621568 -0.735301768387 6.39945987584 2.71800393114 0.00606113894939
80 11366.1594211 -6.39192865899 -0.778129391405 6.4391177448 2.72398916707 0.00598523593765
81 11508.2364139 -6.42602659592 -0.820860532603 6.47824280384 2.72990090513 0.00591173805529
82 11650.3134067 -6.45937996941 -0.863492062897 6.51684034881 2.73574145146 0.00584054632842
83 11792.3903994 -6.4919984301 -0.906020974188 6.55491553127 2.7415130186 0.00577156714409
84 11934.4673922 -6.52389134781 -0.948444372547 6.5924733633 2.7472177305 0.00570471190056
85 12076.544385 -6.55506782241 -0.990759471825 6.62951872216 2.75285762719 0.0056398966844
86 12218.6213777 -6.58553669425 -1.03296358766 6.66605635475 2.75843466916 0.00557704197186
87 12360.6983705 -6.61530655393 -1.07505413187 6.70209088187 2.76395074151 0.00551607235269
88 12502.7753632 -6.64438575171 -1.11702860714 6.73762680227 2.76940765779 0.00545691627425
89 12644.852356 -6.67278240642 -1.15888460209 6.77266849657 2.77480716359 0.00539950580436
90 12786.9293488 -6.7005044139 -1.20061978659 6.80722023095 2.78015094 0.0053437764113
91 12929.0063415 -6.72755945511 -1.24223190735 6.84128616078 2.78544060676 0.00528966675945
92 13071.0833343 -6.75395500379 -1.28371878379 6.87487033398 2.79067772528 0.00523711851948
93 13213.1603271 -6.77969833383 -1.32507830416 6.90797669436 2.79586380147 0.00518607619169
94 13355.2373198 -6.80479652624 -1.36630842182 6.94060908473 2.80100028841 0.0051364869417
95 13497.3143126 -6.82925647583 -1.40740715176 6.9727712499 2.80608858886 0.00508830044725
96 13639.3913054 -6.85308489759 -1.44837256736 7.00446683963 2.81113005762 0.00504146875552
97 13781.4682981 -6.87628833277 -1.48920279725 7.03569941133 2.81612600377 0.00499594614988
98 13923.5452909 -6.89887315469 -1.52989602236 7.06647243281 2.82107769279 0.00495168902557
99 14065.6222837 -6.92084557431 -1.57045047319 7.09678928475 2.82598634857 0.00490865577357
100 14207.6992764 -6.94221164555 -1.61086442714 7.12665326322 2.83085315524 0.0048668066719
101 14349.7762692 -6.96297727036 -1.65113620602 7.15606758202 2.83567925902 0.0048261037841
102 14491.8532619 -6.98314820361 -1.6912641737 7.18503537491 2.84046576989 0.00478651086402
103 14633.9302547 -7.00273005772 -1.73124673384 7.21355969787 2.84521376315 0.00474799326674
104 14776.0072475 -7.02172830719 -1.77108232778 7.24164353111 2.84992428102 0.004710517865
105 14918.0842402 -7.04014829279 -1.81076943253 7.26928978114 2.85459833399 0.00467405297088
106 15060.161233 -7.05799522573 -1.85030655878 7.29650128267 2.85923690225 0.00463856826222
107 15202.2382258 -7.0752741916 -1.88969224915 7.32328080049 2.86384093696 0.00460403471357
108 15344.3152185 -7.09199015408 -1.9289250764 7.34963103128 2.8684113615 0.00457042453126
109 15486.3922113 -7.10814795864 -1.96800364175 7.3755546053 2.87294907259 0.00453771109244
110 15628.4692041 -7.12375233594 -2.00692657337 7.40105408808 2.87745494148 0.00450586888764
111 15770.5461968 -7.13880790526 -2.04569252477 7.426131982 2.88192981494 0.00447487346672
112 15912.6231896 -7.15331917762 -2.08430017346 7.45079072783 2.88637451633 0.00444470138808
113 16054.7001824 -7.16729055892 -2.1227482195 7.47503270624 2.8907898465 0.00441533017061
114 16196.7771751 -7.18072635288 -2.16103538423 7.49886023918 2.89517658475 0.00438673824862
115 16338.8541679 -7.1936307639 -2.19916040897 7.52227559132 2.89953548968 0.00435890492912
116 16480.9311606 -7.20600789981 -2.23712205387 7.54528097131 2.90386730003 0.00433181035166
117 16623.0081534 -7.21786177447 -2.2749190967 7.56787853311 2.90817273548 0.00430543545037
118 16765.0851462 -7.22919631035 -2.3125503318 7.59007037719 2.9124524974 0.00427976191807
119 16907.1621389 -7.24001534096 -2.35001456898 7.61185855174 2.91670726957 0.00425477217242
120 17049.2391317 -7.2503226132 -2.38731063253 7.63324505382 2.9209377189 0.00423044932389
121 17191.3161245 -7.26012178961 -2.42443736022 7.65423183041 2.92514449604 0.00420677714548
122 17333.3931172 -7.2694164506 -2.4613936024 7.67482077955 2.92932823608 0.00418374004403
123 17475.47011 -7.27821009652 -2.49817822105 7.69501375133 2.93348955912 0.00416132303318
124 17617.5471028 -7.28650614967 -2.53479008897 7.71481254888 2.93762907083 0.00413951170763
125 17759.6240955 -7.29430795632 -2.57122808889 7.73421892933 2.94174736304 0.00411829221883
126 17901.7010883 -7.30161878853 -2.6074911127 7.75323460472 2.9458450143 0.00409765125201
127 18043.7780811 -7.30844184601 -2.64357806066 7.77186124293 2.9499225903 0.00407757600425
128 18185.8550738 -7.31478025788 -2.67948784065 7.79010046849 2.95398064446 0.00405805416385
129 18327.9320666 -7.32063708431 -2.71521936745 7.80795386344 2.95801971836 0.00403907389069
130 18470.0090593 -7.32601531824 -2.75077156206 7.82542296811 2.96204034215 0.00402062379757
131 18612.0860521 -7.3309178869 -2.78614335097 7.84250928189 2.96604303509 0.00400269293257
132 18754.1630449 -7.33534765333 -2.82133366555 7.85921426401 2.97002830585 0.00398527076228
133 18896.2400376 -7.33930741791 -2.85634144141 7.87553933419 2.973996653 0.00396834715586
134 19038.3170304 -7.34279991972 -2.89116561776 7.89148587341 2.97794856537 0.00395191236994
135 19180.3940232 -7.34582783795 -2.92580513683 7.90705522452 2.98188452241 0.00393595703423
136 19322.4710159 -7.34839379324 -2.96025894329 7.92224869288 2.98580499455 0.00392047213792
137 19464.5480087 -7.35050034892 -2.99452598366 7.93706754704 2.98971044356 0.00390544901668
138 19606.6250015 -7.3521500123 -3.02860520578 7.95151301928 2.9936013229 0.00389087934037
139 19748.7019942 -7.35334523583 -3.06249555828 7.96558630622 2.997478078 0.00387675510133
140 19890.778987 -7.35408841829 -3.09619599002 7.97928856933 3.00134114661 0.00386306860325
141 20032.8559797 -7.35438190591 -3.12970544963 7.99262093555 3.00519095906 0.00384981245062
142 20174.9329725 -7.35422799343 -3.16302288495 8.00558449772 3.0090279386 0.00383697953863
143 20317.0099653 -7.35362892519 -3.1961472426 8.01818031512 3.01285250164 0.0038245630437
144 20459.086958 -7.35258689612 -3.22907746744 8.03040941395 3.01666505805 0.00381255641432
145 20601.1639508 -7.35110405271 -3.26181250215 8.04227278778 3.02046601142 0.00380095336246
146 20743.2409436 -7.34918249402 -3.29435128675 8.05377139798 3.02425575927 0.00378974785538
147 20885.3179363 -7.34682427253 -3.32669275814 8.06490617419 3.02803469338 0.00377893410783
148 21027.3949291 -7.34403139508 -3.35883584965 8.07567801469 3.03180319995 0.00376850657461
149 21169.4719219 -7.34080582372 -3.39077949065 8.0860877868 3.0355616599 0.00375845994362
150 21311.5489146 -7.33714947654 -3.42252260602 8.09613632728 3.03931044903 0.00374878912911
151 21453.6259074 -7.33306422848 -3.45406411583 8.10582444266 3.04304993829 0.00373948926539
152 21595.7029002 -7.32855191211 -3.48540293485 8.11515290963 3.04678049399 0.00373055570078
153 21737.7798929 -7.32361431841 -3.51653797215 8.12412247534 3.05050247799 0.00372198399195
154 21879.8568857 -7.31825319747 -3.54746813069 8.13273385773 3.05421624788 0.0037137698985
155 22021.9338784 -7.31247025925 -3.57819230693 8.14098774583 3.05792215726 0.00370590937784
156 22164.0108712 -7.3062671742 -3.60870939038 8.14888480009 3.06162055584 0.00369839858036
157 22306.087864 -7.29964557399 -3.63901826325 8.15642565259 3.06531178969 0.00369123384481
158 22448.1648567 -7.29260705212 -3.6691178 8.16361090737 3.06899620138 0.00368441169403
159 22590.2418495 -7.28515316456 -3.69900686698 8.17044114067 3.07267413021 0.00367792883082
160 22732.3188423 -7.27728543034 -3.72868432202 8.17691690113 3.07634591235 0.00367178213414
161 22874.395835 -7.26900533215 -3.75814901403 8.18303871007 3.080011881 0.00366596865543
162 23016.4728278 -7.26031431692 -3.78739978262 8.18880706171 3.08367236662 0.00366048561525
163 23158.5498206 -7.25121379633 -3.81643545767 8.19422242331 3.08732769702 0.00365533040006
164 23300.6268133 -7.24170514738 -3.845254859 8.19928523545 3.09097819758 0.00365050055926
165 23442.7038061 -7.23178971288 -3.87385679591 8.20399591214 3.09462419138 0.00364599380238
166 23584.7807989 -7.22146880196 -3.90224006683 8.20835484107 3.09826599937 0.00364180799651
167 23726.8577916 -7.21074369056 -3.9304034589 8.21236238367 3.10190394054 0.00363794116385
168 23868.9347844 -7.19961562188 -3.95834574759 8.21601887536 3.10553833202 0.00363439147954
169 24011.0117771 -7.18808580683 -3.98606569629 8.21932462563 3.10916948929 0.00363115726956
170 24153.0887699 -7.17615542449 -4.0135620559 8.22227991818 3.1127977263 0.00362823700889
171 24295.1657627 -7.16382562251 -4.04083356445 8.22488501107 3.11642335562 0.00362562931979
172 24437.2427554 -7.15109751754 -4.06787894667 8.22714013677 3.12004668859 0.00362333297027
173 24579.3197482 -7.13797219558 -4.0946969136 8.22904550231 3.12366803546 0.00362134687272
174 24721.396741 -7.12445071244 -4.12128616217 8.23060128936 3.12728770554 0.00361967008269
175 24863.4737337 -7.11053409402 -4.14764537477 8.23180765428 3.13090600734 0.00361830179783
176 25005.5507265 -7.09622333673 -4.17377321883 8.23266472821 3.1345232487 0.00361724135699
177 25147.6277193 -7.08151940783 -4.19966834644 8.23317261714 3.13813973694 0.0036164882395
178 25289.704712 -7.06642324571 -4.22532939384 8.23333140193 3.141755779 0.00361604206455
179 25431.7817048 -7.05093576029 -4.25075498104 8.23314113838 3.14537168159 0.00361590259077
180 25573.8586976 -7.03505783324 -4.27594371136 8.23260185724 3.14898775131 0.0036160697159
181 25715.9356903 -7.01879031837 -4.300894171 8.23171356422 3.15260429478 0.00361654347671
182 25858.0126831 -7.00213404186 -4.32560492853 8.23047624004 3.15622161883 0.00361732404898
183 26000.0896758 -6.98508980255 -4.3500745345 8.2288898404 3.15984003058 0.00361841174763
184 26142.1666686 -6.9676583722 -4.37430152093 8.22695429595 3.16345983761 0.00361980702708
185 26284.2436614 -6.94984049577 -4.39828440082 8.22466951234 3.16708134809 0.00362151048168
186 26426.3206541 -6.93163689166 -4.4220216677 8.22203537012 3.17070487094 0.00362352284633
187 26568.3976469 -6.91304825194 -4.44551179512 8.21905172475 3.17433071593 0.00362584499724
188 26710.4746397 -6.89407524255 -4.46875323615 8.21571840654 3.17795919389 0.00362847795286
189 26852.5516324 -6.87471850361 -4.49174442286 8.21203522059 3.18159061676 0.00363142287493
190 26994.6286252 -6.85497864951 -4.51448376579 8.20800194669 3.18522529783 0.00363468106973
191 27136.705618 -6.83485626922 -4.53696965347 8.20361833933 3.18886355182 0.00363825398945
192 27278.7826107 -6.81435192642 -4.55920045179 8.19888412753 3.19250569505 0.00364214323378
193 27420.8596035 -6.79346615969 -4.58117450352 8.19379901478 3.19615204561 0.00364635055159
194 27562.9365962 -6.77219948271 -4.60289012773 8.18836267893 3.19980292345 0.00365087784286
195 27705.013589 -6.75055238442 -4.62434561918 8.18257477207 3.20345865061 0.00365572716069
196 27847.0905818 -6.72852532918 -4.64553924775 8.17643492041 3.20711955132 0.00366090071357
197 27989.1675745 -6.7061187569 -4.66646925783 8.16994272415 3.21078595219 0.00366640086783
198 28131.2445673 -6.68333308323 -4.68713386774 8.16309775731 3.21445818234 0.00367223015018
199 28273.3215601 -6.66016869967 -4.70753126901 8.1558995676 3.21813657359 0.00367839125055
200 28415.3985528 -6.63662597369 -4.72765962584 8.14834767621 3.22182146062 0.00368488702509
201 28557.4755456 -6.61270524889 -4.74751707434 8.14044157769 3.22551318112 0.00369172049934
202 28699.5525384 -6.58840684508 -4.76710172193 8.13218073972 3.22921207599 0.00369889487167
203 28841.6295311 -6.56373105842 -4.78641164657 8.12356460291 3.2329184895 0.00370641351689
204 28983.7065239 -6.53867816149 -4.80544489611 8.1145925806 3.23663276949 0.00371427999009
205 29125.7835167 -6.51324840344 -4.82419948751 8.10526405863 3.24035526753 0.00372249803074
206 29267.8605094 -6.48744201 -4.84267340614 8.09557839513 3.24408633909 0.00373107156703
207 29409.9375022 -6.46125918364 -4.86086460495 8.0855349202 3.24782634381 0.00374000472039
208 29552.0144949 -6.43470010362 -4.87877100371 8.07513293575 3.25157564562 0.00374930181038
209 29694.0914877 -6.40776492603 -4.89639048819 8.06437171515 3.25533461298 0.00375896735979
210 29836.1684805 -6.38045378393 -4.91372090934 8.05325050298 3.25910361908 0.00376900609999
211 29978.2454732 -6.35276678732 -4.93076008241 8.04176851472 3.26288304206 0.00377942297665
212 30120.322466 -6.32470402326 -4.94750578607 8.02992493646 3.26667326522 0.00379022315572
213 30262.3994588 -6.29626555591 -4.96395576152 8.01771892453 3.27047467724 0.00380141202974
214 30404.4764515 -6.26745142653 -4.98010771152 8.00514960524 3.27428767247 0.00381299522448
215 30546.5534443 -6.23826165357 -4.99595929948 7.99221607443 3.27811265108 0.00382497860593
216 30688.6304371 -6.20869623267 -5.01150814842 7.9789173972 3.28195001936 0.00383736828768
217 30830.7074298 -6.17875513672 -5.02675183999 7.96525260744 3.28580019 0.00385017063865
218 30972.7844226 -6.14843831584 -5.0416879134 7.95122070752 3.28966358229 0.00386339229123
219 31114.8614154 -6.11774569742 -5.05631386433 7.93682066781 3.29354062244 0.00387704014987
220 31256.9384081 -6.08667718616 -5.07062714385 7.92205142627 3.29743174384 0.00389112140008
221 31399.0154009 -6.05523266402 -5.08462515725 7.90691188804 3.30133738736 0.00390564351789
222 31541.0923936 -6.02341199029 -5.09830526285 7.89140092492 3.30525800164 0.00392061427983
223 31683.1693864 -5.99121500153 -5.11166477079 7.87551737497 3.30919404341 0.0039360417734
224 31825.2463792 -5.95864151161 -5.12470094177 7.85926004192 3.31314597782 0.00395193440812
225 31967.3233719 -5.92569131171 -5.13741098576 7.84262769474 3.31711427875 0.00396830092705
226 32109.4003647 -5.89236417024 -5.14979206062 7.82561906704 3.32109942917 0.00398515041902
227 32251.4773575 -5.85865983294 -5.16184127075 7.80823285658 3.3251019215 0.00400249233145
228 32393.5543502 -5.82457802274 -5.17355566567 7.79046772465 3.32912225798 0.0040203364838
229 32535.631343 -5.79011843985 -5.18493223847 7.7723222955 3.33316095107 0.00403869308177
230 32677.7083358 -5.75528076165 -5.19596792439 7.75379515571 3.3372185238 0.00405757273225
231 32819.7853285 -5.72006464274 -5.20665959912 7.73488485358 3.34129551026 0.00407698645897
232 32961.8623213 -5.68446971485 -5.21700407727 7.71558989846 3.34539245598 0.0040969457191
233 33103.9393141 -5.64849558685 -5.2269981106 7.69590876004 3.3495099184 0.0041174624206
234 33246.0163068 -5.61214184473 -5.23663838633 7.6758398677 3.35364846734 0.0041385489406
235 33388.0932996 -5.57540805154 -5.24592152529 7.65538160974 3.35780868548 0.00416021814471
236 33530.1702923 -5.53829374736 -5.25484408007 7.63453233262 3.36199116889 0.00418248340738
237 33672.2472851 -5.50079844931 -5.26340253303 7.61329034023 3.36619652752 0.0042053586333
238 33814.3242779 -5.46292165146 -5.27159329437 7.59165389301 3.3704253858 0.00422885828013
239 33956.4012706 -5.42466282485 -5.27941269996 7.56962120716 3.37467838318 0.00425299738225
240 34098.4782634 -5.38602141745 -5.28685700925 7.54719045377 3.37895617476 0.004277791576
241 34240.5552562 -5.34699685411 -5.29392240297 7.52435975792 3.38325943189 0.00430325712625
242 34382.6322489 -5.30758853656 -5.30060498084 7.50112719772 3.38758884284 0.0043294109544
243 34524.7092417 -5.26779584339 -5.30690075915 7.47749080341 3.39194511351 0.00435627066807
244 34666.7862345 -5.22761813 -5.31280566824 7.45344855631 3.3963289681 0.00438385459238
245 34808.8632272 -5.18705472864 -5.31831554993 7.42899838784 3.4007411499 0.00441218180302
246 34950.94022 -5.14610494836 -5.3234261548 7.40413817842 3.40518242207 0.00444127216129
247 35093.0172128 -5.10476807503 -5.32813313937 7.37886575638 3.40965356842 0.00447114635106
248 35235.0942055 -5.06304337134 -5.33243206321 7.35317889683 3.41415539433 0.00450182591799
249 35377.1711983 -5.02093007681 -5.33631838591 7.32707532049 3.41868872765 0.00453333331102
250 35519.248191 -4.97842740784 -5.33978746389 7.30055269241 3.42325441957 0.00456569192627
251 35661.3251838 -4.93553455771 -5.34283454715 7.2736086208 3.42785334573 0.00459892615364
252 35803.4021766 -4.89225069664 -5.34545477586 7.24624065565 3.43248640715 0.00463306142618
253 35945.4791693 -4.84857497187 -5.34764317675 7.21844628738 3.43715453142 0.00466812427249
254 36087.5561621 -4.80450650771 -5.3493946595 7.19022294548 3.4418586738 0.00470414237227
255 36229.6331549 -4.76004440564 -5.35070401278 7.16156799703 3.44659981841 0.00474114461541
256 36371.7101476 -4.71518774444 -5.35156590029 7.13247874519 3.45137897958 0.0047791611647
257 36513.7871404 -4.66993558031 -5.35197485655 7.10295242765 3.4561972031 0.00481822352248
258 36655.8641332 -4.62428694702 -5.35192528252 7.07298621503 3.4610555677 0.00485836460159
259 36797.9411259 -4.57824085609 -5.35141144101 7.04257720919 3.4659551865 0.00489961880085
260 36940.0181187 -4.53179629703 -5.35042745198 7.0117224415 3.47089720859 0.00494202208541
261 37082.0951114 -4.48495223755 -5.34896728746 6.98041887106 3.47588282066 0.00498561207238
262 37224.1721042 -4.43770762384 -5.34702476645 6.94866338282 3.48091324878 0.00503042812211
263 37366.249097 -4.3900613809 -5.34459354939 6.91645278567 3.48598976022 0.00507651143562
264 37508.3260897 -4.3420124129 -5.34166713255 6.88378381043 3.49111366538 0.00512390515846
265 37650.4030825 -4.29355960354 -5.33823884202 6.85065310781 3.49628631987 0.00517265449182
266 37792.4800753 -4.24470181657 -5.33430182749 6.81705724622 3.50150912668 0.00522280681114
267 37934.557068 -4.19543789621 -5.32984905575 6.78299270957 3.50678353847 0.00527441179301
268 38076.6340608 -4.14576666782 -5.32487330387 6.74845589496 3.51211106002 0.00532752155105
269 38218.7110536 -4.09568693844 -5.31936715196 6.71344311028 3.5174932508 0.00538219078132
270 38360.7880463 -4.04519749758 -5.31332297574 6.67795057176 3.52293172772 0.00543847691825
271 38502.8650391 -3.99429711793 -5.30673293863 6.64197440135 3.52842816802 0.00549644030184
272 38644.9420319 -3.94298455633 -5.29958898345 6.60551062409 3.53398431238 0.00555614435712
273 38787.0190246 -3.89125855464 -5.29188282379 6.56855516531 3.53960196817 0.00561765578695
274 38929.0960174 -3.83911784091 -5.28360593481 6.5311038478 3.54528301295 0.00568104477924
275 39071.1730101 -3.78656113052 -5.27474954371 6.49315238879 3.55102939818 0.00574638522988
276 39213.2500029 -3.73358712755 -5.26530461959 6.4546963969 3.55684315316 0.00581375498279
277 39355.3269957 -3.68019452619 -5.25526186284 6.41573136888 3.56272638925 0.00588323608863
278 39497.4039884 -3.62638201242 -5.24461169396 6.37625268637 3.56868130433 0.0059549150837
279 39639.4809812 -3.57214826577 -5.23334424175 6.33625561237 3.57471018762 0.00602888329116
280 39781.557974 -3.51749196129 -5.2214493309 6.29573528771 3.58081542477 0.00610523714634
281 39923.6349667 -3.46241177176 -5.20891646889 6.25468672733 3.58699950332 0.0061840785486
282 40065.7119595 -3.40690637007 -5.1957348321 6.21310481643 3.59326501856 0.00626551524213
283 40207.7889523 -3.35097443191 -5.18189325128 6.17098430649 3.59961467979 0.0063496612286
284 40349.865945 -3.29461463867 -5.16738019603 6.12831981114 3.606051317 0.00643663721452
285 40491.9429378 -3.23782568068 -5.15218375851 6.08510580187 3.6125778881 0.00652657109703
286 40634.0199306 -3.18060626079 -5.13629163614 6.04133660357 3.61919748659 0.00661959849173
287 40776.0969233 -3.12295509832 -5.11969111331 5.99700639001 3.6259133499 0.00671586330679
288 40918.1739161 -3.06487093333 -5.10236904197 5.95210917897 3.63272886827 0.00681551836827
289 41060.2509088 -3.0063525315 -5.0843118211 5.90663882744 3.63964759437 0.00691872610167
290 41202.3279016 -2.94739868932 -5.06550537486 5.86058902641 3.64667325365 0.00702565927589
291 41344.4048944 -2.88800823999 -5.04593512945 5.81395329573 3.65380975546 0.00713650181602
292 41486.4818871 -2.82818005984 -5.02558598847 5.76672497856 3.66106120515 0.00725144969255
293 41628.5588799 -2.76791307542 -5.00444230673 5.71889723587 3.66843191705 0.00737071189523
294 41770.6358727 -2.70720627138 -4.98248786242 5.67046304061 3.67592642855 0.00749451150108
295 41912.7128654 -2.64605869913 -4.95970582741 5.62141517179 3.6835495154 0.00762308684703
296 42054.7898582 -2.5844694865 -4.93607873558 5.57174620837 3.69130620822 0.00775669281926
297 42196.866851 -2.52243784832 -4.91158844912 5.521448523 3.69920181049 0.00789560227262
298 42338.9438437 -2.45996309824 -4.88621612244 5.47051427563 3.70724191808 0.00804010759556
299 42481.0208365 -2.39704466176 -4.85994216367 5.41893540695 3.71543244052 0.00819052243774
300 42623.0978293 -2.33368209073 -4.83274619346 5.36670363174 3.72377962414 0.00834718362028
301 42765.174822 -2.26987507939 -4.80460700083 5.31381043212 3.73229007739 0.00851045325085
302 42907.2518148 -2.20562348228 -4.77550249596 5.26024705071 3.74097079846 0.0086807210693
303 43049.3288075 -2.14092733404 -4.74540965943 5.20600448381 3.74982920552 0.00885840705315
304 43191.4058003 -2.07578687152 -4.71430448779 5.15107347449 3.75887316983 0.00904396431628
305 43333.4827931 -2.01020255843 -4.68216193508 5.09544450586 3.76811105217 0.00923788233933
306 43475.5597858 -1.94417511276 -4.64895584987 5.03910779436 3.77755174275 0.00944069057592
307 43617.6367786 -1.87770553745 -4.61465890748 4.98205328331 3.78720470523 0.00965296248566
308 43759.7137714 -1.8107951547 -4.57924253692 4.92427063677 3.79708002529 0.00987532005249
309 43901.7907641 -1.74344564425 -4.54267684204 4.86574923374 3.80718846414 0.0101084388565
310 44043.8677569 -1.67565908648 -4.50493051637 4.80647816301 3.81754151792 0.0103530537781
311 44185.9447497 -1.60743801056 -4.46597075098 4.74644621864 3.82815148335 0.0106099654255
312 44328.0217424 -1.53878544877 -4.42576313475 4.68564189651 3.83903153074 0.0108800473938
313 44470.0987352 -1.46970499746 -4.38427154627 4.62405339188 3.85019578522 0.0111642544781
314 44612.175728 -1.40020088594 -4.34145803649 4.56166859861 3.86165941721 0.0114636319889
315 44754.2527207 -1.33027805416 -4.29728270132 4.49847511013 3.87343874355 0.0117793263403
316 44896.3297135 -1.25994224057 -4.25170354297 4.43446022272 3.88555134066 0.0121125971118
317 45038.4067062 -1.18920008182 -4.20467631898 4.36961094172 3.89801617148 0.0124648308248
318 45180.483699 -1.11805922577 -4.15615437763 4.30391399113 3.9108537282 0.0128375567124
319 45322.5606918 -1.04652846019 -4.10608847829 4.23735582758 3.92408619302 0.0132324648203
320 45464.6376845 -0.974617859382 -4.05442659508 4.16992265956 3.93773761985 0.0136514268358
321 45606.7146773 -0.902338951708 -4.00111370204 4.10160047304 3.95183413997 0.014096520121
322 45748.7916701 -0.829704911368 -3.94609153791 4.03237506509 3.96640419549 0.0145700555219
323 45890.8686628 -0.75673077849 -3.88929834809 3.96223208704 3.98147880513 0.0150746096356
324 46032.9456556 -0.683433712291 -3.8306686015 3.89115709958 3.99709186749 0.0156130623639
325 46175.0226484 -0.609833283039 -3.7701326795 3.81913564228 4.01328050824 0.0161886407485
326 46317.0996411 -0.535951809633 -3.70761653377 3.7461533209 4.03008547854 0.0168049702995
327 46459.1766339 -0.461814751015 -3.6430413099 3.6721959166 4.04755161383 0.0174661352872
328 46601.2536266 -0.387451161281 -3.57632293295 3.59724952194 4.06572836362 0.0181767497926
329 46743.3306194 -0.312894220443 -3.50737165097 3.52130071014 4.08467040534 0.0189420417142
330 46885.4076122 -0.238181855315 -3.43609153229 3.44433674522 4.10443835776 0.0197679524242
331 47027.4846049 -0.16335746817 -3.36237991193 3.36634584298 4.12509961315 0.0206612553926
332 47169.5615977 -0.088470794712 -3.2861267827 3.28731749508 4.14672931102 0.0216296978661
333 47311.6385905 -0.0135789177812 -3.20721412617 3.20724287171 4.16941148168 0.0226821706561
334 47453.7155832 0.0612525306674 -3.12551517964 3.12611532268 4.19324039396 0.0238289122865
335 47595.792576 0.135947939143 -3.0408936354 3.04393100184 4.2183221492 0.0250817552409
336 47737.8695688 0.210420007941 -2.95320277083 2.96068964692 4.24477657309 0.0264544238844
337 47879.9465615 0.284567700274 -2.8622845101 2.87639555569 4.27273946897 0.0279628958868
338 48022.0235543 0.358273775915 -2.76796842282 2.79105881132 4.30236531066 0.0296258416814
339 48164.1005471 0.431401810735 -2.67007067201 2.70469682512 4.33383047035 0.0314651596962
340 48306.1775398 0.503792581009 -2.56839293426 2.61733628512 4.36733709907 0.033506628716
341 48448.2545326 0.575259660564 -2.46272133172 2.52901562565 4.40311780163 0.0357807025613
342 48590.3315253 0.645584040267 -2.35282544035 2.43978816822 4.44144127737 0.0383234757401
343 48732.4085181 0.714507531406 -2.23845747656 2.34972613017 4.48261912801 0.0411778506441
344 48874.4855109 0.781724656132 -2.11935182139 2.25892575815 4.52701406284 0.0443949348295
345 49016.5625036 0.846872658741 -1.99522512612 2.16751392245 4.5750497492 0.0480356863586
346 49158.6394964 0.909519193279 -1.86577737055 2.07565660922 4.62722254672 0.0521727975163
347 49300.7164892 0.969147162487 -1.73069443473 1.98356987499 4.68411529356 0.0568927468386
348 49442.7934819 1.02513611762 -1.58965302492 1.89153398048 4.74641312193 0.0622978283715
349 49584.8704747 1.07673961467 -1.44232920616 1.79991159137 4.81492085874 0.0685077368098
350 49726.9474675 1.12305803384 -1.28841238668 1.70917109311 4.8905807248 0.0756598660632
351 49869.0244602 1.16300674636 -1.12762743388 1.61991614651 4.97448746281 0.0839067380136
352 50011.101453 1.19528041377 -0.959768720774 1.53292245887 5.06789519911 0.0934077362982
353 50153.1784458 1.21831607706 -0.784751278977 1.44918205671 5.17220558248 0.104310383363
354 50295.2554385 1.2302612609 -0.602685628635 1.36995355287 5.28891933152 0.116713749045
355 50437.3324313 1.22895960096 -0.413983505193 1.29681303331 5.41952325679 0.130603925266
356 50579.409424 1.21197653412 -0.219499754125 1.23169284374 5.56527480696 0.145751550176
357 50721.4864168 1.17670118438 -0.0207073325786 1.17688337185 5.72684568292 0.161570875952
358 50863.5634096 1.12057298889 0.180118488584 1.13495660417 5.90381625803 0.176970575116
359 51005.6404023 1.04147736708 0.379769724632 1.10855768902 6.09410338243 0.190287124404
