-6.28318430718 0.785401963849 6.06662776728e-06
-6.27061793657 0.803488797335 0.0761728628702
-6.25805156595 0.817191227316 0.151928388316
-6.24548519534 0.829217723325 0.226865610521
-6.23291882472 0.840144133054 0.300585856276
-6.22035245411 0.850243768385 0.372702862845
-6.20778608349 0.859677480736 0.442846677247
-6.19521971288 0.868551461152 0.510667356118
-6.18265334226 0.876941110631 0.575838421321
-6.17008697165 0.884902747818 0.638060029727
-6.15752060104 0.892480039308 0.697061819393
-6.14495423042 0.89970782932 0.75260539865
-6.13238785981 0.906614564302 0.80448644934
-6.11982148919 0.913223903348 0.852536420557
-6.10725511858 0.919555829976 0.896623794611
-6.09468874796 0.925627444534 0.936654912579
-6.08212237735 0.931453544277 0.972574352577
-6.06955600674 0.937047057797 1.00436485968
-6.05698963612 0.942419376833 1.03204683229
-6.04442326551 0.947580614085 1.05567737541
-6.03185689489 0.952539806552 1.07534893688
-6.01929052428 0.95730507808 1.09118754795
-6.00672415366 0.96188377085 1.10335069444
-5.99415778305 0.966282552882 1.11202484946
-5.98159141243 0.97050750679 1.11742270274
-5.96902504182 0.974564203703 1.11978012524
-5.95645867121 0.978457765314 1.11935291088
-5.94389230059 0.982192916362 1.11641333965
-5.93132592998 0.985774029317 1.11124660828
-5.91875955936 0.989205162653 1.1041471759
-5.90619318875 0.992490093828 1.09541507264
-5.89362681813 0.99563234786 1.08535221914
-5.88106044752 0.99863522219 1.07425880416
-5.86849407691 1.00150180844 1.062429766
-5.85592770629 1.0042350115 1.05015142181
-5.84336133568 1.00683756641 1.03769828575
-5.83079496506 1.00931205324 1.02533011455
-5.81822859445 1.01166091035 1.01328921472
-5.80566222383 1.01388644621 1.00179804227
-5.79309585322 1.01599084997 0.991057120886
-5.78052948261 1.01797620092 0.981243300134
-5.76796311199 1.01984447699 0.972508370174
-5.75539674138 1.0215975625 0.964978044319
-5.74283037076 1.02323725504 0.958751315624
-5.73026400015 1.02476527183 0.953900188414
-5.71769762953 1.0261832554 0.950469780482
-5.70513125892 1.02749277881 0.948478786646
-5.6925648883 1.02869535043 0.947920289473
-5.67999851769 1.02979241826 0.948762898407
-5.66743214708 1.03078537393 0.950952194279
-5.65486577646 1.03167555635 0.95441245227
-5.64229940585 1.03246425507 0.959048612998
-5.62973303523 1.03315271336 0.964748468411
-5.61716666462 1.03374213109 0.971385026731
-5.604600294 1.03423366737 0.978819018826
-5.59203392339 1.03462844296 0.98690150702
-5.57946755278 1.03492754256 0.995476556637
-5.56690118216 1.03513201687 1.0043839304
-5.55433481155 1.03524288458 1.01346176624
-5.54176844093 1.03526113418 1.02254919997
-5.52920207032 1.0351877256 1.03148889605
-5.5166356997 1.03502359186 1.04012945123
-5.50406932909 1.03476964045 1.04832763902
-5.49150295847 1.03442675479 1.05595046534
-5.47893658786 1.03399579546 1.06287700924
-5.46637021725 1.03347760143 1.0690000264
-5.45380384663 1.03287299116 1.07422729687
-5.44123747602 1.03218276369 1.07848270262
-5.4286711054 1.03140769961 1.08170702501
-5.41610473479 1.03054856203 1.08385845648
-5.40353836417 1.02960609741 1.08491282522
-5.39097199356 1.02858103641 1.08486353579
-5.37840562295 1.0274740947 1.08372123324
-5.36583925233 1.02628597365 1.08151320185
-5.35327288172 1.02501736106 1.07828251381
-5.3407065111 1.02366893177 1.0740869465
-5.32814014049 1.02224134834 1.06899769017
-5.31557376987 1.02073526161 1.0630978708
-5.30300739926 1.01915131124 1.05648091514
-5.29044102865 1.01749012626 1.0492487869
-5.27787465803 1.01575232555 1.04151012444
-5.26530828742 1.01393851834 1.03337831161
-5.2527419168 1.01204930461 1.02496951321
-5.24017554619 1.01008527559 1.01640070729
-5.22760917557 1.00804701409 1.00778774531
-5.21504280496 1.00593509494 0.999243470626
-5.20247643434 1.00375008531 0.990875924088
-5.18991006373 1.0014925451 0.982786663801
-5.17734369312 0.999163027256 0.975069223702
-5.1647773225 0.996762078072 0.967807733105
-5.15221095189 0.99429023751 0.961075716377
-5.13964458127 0.991748039481 0.95493508877
-5.12707821066 0.989136012113 0.949435361018
-5.11451184004 0.986454678022 0.944613061828
-5.10194546943 0.983704554554 0.940491383741
-5.08937909882 0.980886154023 0.937080054201
-5.0768127282 0.977999983945 0.93437543006
-5.06424635759 0.975046547248 0.932360810183
-5.05167998697 0.972026342485 0.931006957423
-5.03911361636 0.968939864027 0.930272818015
-5.02654724574 0.965787602261 0.930106423453
-5.01398087513 0.962570043765 0.9304459572
-5.00141450451 0.959287671484 0.931220966223
-4.9888481339 0.955940964898 0.932353695271
-4.97628176329 0.952530400183 0.933760520213
-4.96371539267 0.949056450359 0.935353455438
-4.95114902206 0.94551958544 0.937041709558
-4.93858265144 0.941920272577 0.938733263169
-4.92601628083 0.938258976186 0.94033644251
-4.91344991021 0.934536158085 0.941761463242
-4.9008835396 0.930752277609 0.942921919439
-4.88831716899 0.92690779174 0.943736194128
-4.87575079837 0.923003155209 0.944128769282
-4.86318442776 0.919038820618 0.944031415131
-4.85061805714 0.915015238532 0.943384240891
-4.83805168653 0.910932857593 0.942136591501
-4.82548531591 0.906792124605 0.940247777671
-4.8129189453 0.902593484638 0.937687629447
-4.80035257469 0.898337381109 0.934436866502
-4.78778620407 0.894024255871 0.930487281448
-4.77521983346 0.889654549297 0.925841735574
-4.76265346284 0.885228700358 0.920513969504
-4.75008709223 0.880747146697 0.914528234269
-4.73752072161 0.876210324707 0.907918751171
-4.724954351 0.871618669599 0.900729011534
-4.71238798038 0.866972615466 0.893010929923
-4.69982160977 0.862272595355 0.884823866698
-4.68725523916 0.857519041324 0.876233537686
-4.67468886854 0.852712384506 0.86731083047
-4.66212249793 0.847853055163 0.858130548051
-4.64955612731 0.842941482743 0.84877010166
-4.6369897567 0.837978095937 0.839308175053
-4.62442338608 0.832963322723 0.829823382871
-4.61185701547 0.827897590422 0.82039294549
-4.59929064486 0.822781325741 0.811091402282
-4.58672427424 0.817614954821 0.801989384323
-4.57415790363 0.812398903281 0.793152466404
-4.56159153301 0.807133596257 0.78464011665
-4.5490251624 0.801819458446 0.776504760288
-4.53645879178 0.796456914142 0.76879097199
-4.52389242117 0.791046387276 0.761534809006
-4.51132605055 0.785588301449 0.754763294774
-4.49875967994 0.780083079967 0.748494060164
-4.48619330933 0.774531145877 0.742735146778
-4.47362693871 0.768932921993 0.737484974015
-4.4610605681 0.763288830933 0.732732468879
-4.44849419748 0.757599295141 0.728457354768
-4.43592782687 0.751864736922 0.724630592938
-4.42336145625 0.746085578462 0.721214967777
-4.41079508564 0.740262241861 0.718165804777
-4.39822871503 0.73439514915 0.715431807921
-4.38566234441 0.728484722319 0.712956001372
-4.3730959738 0.722531383339 0.71067675872
-4.36052960318 0.716535554184 0.708528901728
-4.34796323257 0.710497656848 0.70644484952
-4.33539686195 0.704418113369 0.704355798454
-4.32283049134 0.698297345847 0.702192912604
-4.31026412073 0.692135776458 0.699888504718
-4.29769775011 0.685933827477 0.697377187885
-4.2851313795 0.67969192129 0.694596978756
-4.27256500888 0.67341048041 0.691490334143
-4.25999863827 0.667089927494 0.688005104073
-4.24743226765 0.660730685355 0.684095385891
-4.23486589704 0.654333176976 0.679722265797
-4.22229952642 0.647897825521 0.67485443616
-4.20973315581 0.641425054351 0.66946867916
-4.1971667852 0.63491528703 0.663550209566
-4.18460041458 0.628368947341 0.657092871916
-4.17203404397 0.621786459291 0.65009918981
-4.15946767335 0.615168247124 0.642580267538
-4.14690130274 0.608514735329 0.634555546727
-4.13433493212 0.601826348649 0.626052423122
-4.12176856151 0.595103512085 0.617105730914
-4.1092021909 0.588346650908 0.60775710421
-4.09663582028 0.581556190666 0.598054227241
-4.08406944967 0.574732557184 0.588049986694
-4.07150307905 0.567876176579 0.577801541122
-4.05893670844 0.560987475256 0.567369323671
-4.04637033782 0.55406687992 0.556815995407
-4.03380396721 0.547114817576 0.546205367233
-4.02123759659 0.540131715538 0.535601308817
-4.00867122598 0.533118001425 0.525066663053
-3.99610485537 0.526074103173 0.514662184401
-3.98353848475 0.51900044903 0.504445518916
-3.97097211414 0.511897467564 0.494470242989
-3.95840574352 0.504765587663 0.484784976758
-3.94583937291 0.497605238535 0.475432586764
-3.93327300229 0.490416849713 0.466449490894
-3.92070663168 0.483200851053 0.457865076817
-3.90814026107 0.475957672737 0.449701243193
-3.89557389045 0.468687745271 0.441972070773
-3.88300751984 0.461391499488 0.434683628341
-3.87044114922 0.454069366544 0.427833916078
-3.85787477861 0.446721777922 0.421412946689
-3.84530840799 0.439349165426 0.415402962213
-3.83274203738 0.431951961186 0.409778782252
-3.82017566677 0.424530597652 0.404508277071
-3.80760929615 0.417085507592 0.399552957015
-3.79504292554 0.409617124096 0.394868667718
-3.78247655492 0.402125880567 0.390406378858
-3.76991018431 0.394612210723 0.38611305268
-3.75734381369 0.387076548592 0.381932577225
-3.74477744308 0.379519328511 0.377806748158
-3.73221107246 0.371940985122 0.373676282352
-3.71964470185 0.364341953371 0.369481845887
-3.70707833124 0.356722668499 0.365165078977
-3.69451196062 0.349083566046 0.360669600419
-3.68194559001 0.34142508184 0.355941974604
-3.66937921939 0.333747651999 0.350932624791
-3.65681284878 0.326051712923 0.345596677334
-3.64424647816 0.31833770129 0.339894722748
-3.63168010755 0.310606054054 0.333793480978
-3.61911373694 0.302857208438 0.327266359868
-3.60654736632 0.29509160193 0.320293897695
-3.59398099571 0.287309672276 0.31286408259
-3.58141462509 0.27951185748 0.304972543806
-3.56884825448 0.271698595793 0.29662261195
-3.55628188386 0.26387032571 0.287825247516
-3.54371551325 0.256027485966 0.278598839329
-3.53114914263 0.248170515528 0.26896887664
-3.51858277202 0.24029985359 0.258967500797
-3.50601640141 0.232415939566 0.24863294442
-3.49345003079 0.224519213087 0.238008867874
-3.48088366018 0.216610113992 0.227143604584
-3.46831728956 0.208689082322 0.216089328226
-3.45575091895 0.200756558315 0.204901156131
-3.44318454833 0.192812982399 0.193636204287
-3.43061817772 0.184858795184 0.182352610122
-3.41805180711 0.176894437458 0.171108539743
-3.40548543649 0.168920350178 0.159961196556
-3.39291906588 0.160936974465 0.148965848132
-3.38035269526 0.152944751595 0.13817488785
-3.36778632465 0.144944122995 0.127636947216
-3.35521995403 0.136935530232 0.117396073893
-3.34265358342 0.12891941501 0.107490989331
-3.33008721281 0.120896219159 0.0979544385138
-3.31752084219 0.112866384631 0.0888126427757
-3.30495447158 0.104830353493 0.0800848648585
-3.29238810096 0.0967885679136 0.071783093491
-3.27982173035 0.0887414701648 0.0639118527204
-3.26725535973 0.0806895026074 0.0564681391145
-3.25468898912 0.0726331076866 0.0494414877794
-3.2421226185 0.064572727924 0.0428141659566
-3.22955624789 0.0565088059099 0.0365614907974
-3.21698987728 0.048441784296 0.0306522658142
-3.20442350666 0.0403721057874 0.025049328497
-3.19185713605 0.0323002131355 0.0197101997048
-3.17929076543 0.0242265491297 0.0145878237211
-3.16672439482 0.0161515565905 0.00963138632903
-3.1541580242 0.00807567836134 0.00478719694559
-3.14159165359 -6.42699081842e-07 -3.80229952444e-07
-3.12902528298 -0.00807696372426 -0.00478796192396
-3.11645891236 -0.0161528418477 -0.00963216478452
-3.10389254175 -0.0242278342107 -0.0145886243788
-3.09132617113 -0.0323014979697 -0.0197110309051
-3.07875980052 -0.0403733903046 -0.0250501980507
-3.0661934299 -0.0484430684255 -0.0306531808669
-3.05362705929 -0.0565100895813 -0.0365624577052
-3.04106068867 -0.0645740110669 -0.0428151901752
-3.02849431806 -0.0726343902305 -0.0494425737686
-3.01592794745 -0.0806907844818 -0.0564692902595
-3.00336157683 -0.0887427512994 -0.0639130712719
-2.99079520622 -0.096789848238 -0.071784380524
-2.9782288356 -0.104831632936 -0.080086220252
-2.96566246499 -0.112867663124 -0.0888140652123
-2.95309609437 -0.12089749663 -0.0979559254997
-2.94052972376 -0.128920691389 -0.107492537236
-2.92796335315 -0.13693680545 -0.117397678013
-2.91539698253 -0.14494539698 -0.127638601847
-2.90283061192 -0.152946024278 -0.138176586387
-2.8902642413 -0.160938245774 -0.148967583179
-2.87769787069 -0.168921620044 -0.15996296005
-2.86513150007 -0.17689570581 -0.171110323093
-2.85256512946 -0.184860061953 -0.182354404353
-2.83999875885 -0.192814247514 -0.19363800019
-2.82743238823 -0.200757821707 -0.204902944426
-2.81486601762 -0.20869034392 -0.216091099716
-2.802299647 -0.216611373725 -0.227145350311
-2.78973327639 -0.224520470887 -0.238010579276
-2.77716690577 -0.232417195361 -0.248634613476
-2.76460053516 -0.240301107311 -0.258969120165
-2.75203416454 -0.248171767105 -0.268970439784
-2.73946779393 -0.256028735329 -0.278600340634
-2.72690142332 -0.263871572789 -0.287826682381
-2.7143350527 -0.271699840518 -0.296623976873
-2.70176868209 -0.279513099782 -0.304973836446
-2.68920231147 -0.287310912084 -0.312865301805
-2.67663594086 -0.295092839175 -0.320295043568
-2.66406957024 -0.302858443051 -0.327267433707
-2.65150319963 -0.310607285964 -0.333794485293
-2.63893682902 -0.318338930428 -0.339895661215
-2.6263704584 -0.326052939219 -0.34559755473
-2.61380408779 -0.333748875384 -0.350933446918
-2.60123771717 -0.341426302245 -0.355942748187
-2.58867134656 -0.3490847834 -0.360670332997
-2.57610497594 -0.356723882734 -0.36516577877
-2.56353860533 -0.364343164417 -0.369482521659
-2.55097223471 -0.371942192911 -0.373676943259
-2.5384058641 -0.379520532972 -0.377807403594
-2.52583949349 -0.387077749656 -0.381933236657
-2.51327312287 -0.394613408322 -0.386113725484
-2.50070675226 -0.402127074632 -0.390407074157
-2.48814038164 -0.409618314557 -0.394869394224
-2.47557401103 -0.41708669438 -0.399553722874
-2.46300764041 -0.424531780697 -0.40450908972
-2.4504412698 -0.431953140421 -0.409779648288
-2.43787489919 -0.439350340782 -0.415403887273
-2.42530852857 -0.446722949329 -0.421413935346
-2.41274215796 -0.454070533935 -0.427834971762
-2.40017578734 -0.461392662793 -0.434684753265
-2.38760941673 -0.468688904422 -0.441973265897
-2.37504304611 -0.475958827664 -0.449702508191
-2.3624766755 -0.483202001689 -0.457866410085
-2.34991030489 -0.490417995988 -0.466450889559
-2.33734393427 -0.497606380382 -0.475434046736
-2.32477756366 -0.504766725013 -0.484786492786
-2.31221119304 -0.511898600349 -0.494471808747
-2.29964482243 -0.519001577182 -0.504447127102
-2.28707845181 -0.526075226623 -0.514663826862
-2.2745120812 -0.533119120105 -0.525068330913
-2.26194571058 -0.54013282938 -0.535602992627
-2.24937933997 -0.547115926512 -0.546207057131
-2.23681296936 -0.554067983882 -0.556817681279
-2.22424659874 -0.560988574176 -0.567370995329
-2.21168022813 -0.567877270389 -0.577803188473
-2.19911385751 -0.574733645816 -0.588051599914
-2.1865474869 -0.581557274052 -0.598055796944
-2.17398111628 -0.588347728981 -0.607758621614
-2.16141474567 -0.595104584776 -0.617107187993
-2.14884837506 -0.601827415891 -0.626053812747
-2.13628200444 -0.608515797055 -0.634556862794
-2.12371563383 -0.615169303265 -0.642581505079
-2.11114926321 -0.62178750978 -0.650100345087
-2.0985828926 -0.628369992111 -0.657093942489
-2.08601652198 -0.634916326013 -0.663551194347
-2.07345015137 -0.641426087479 -0.669469578437
-2.06088378075 -0.647898852728 -0.674855251603
-2.04831741014 -0.654334198193 -0.679723000437
-2.03575103953 -0.660731700516 -0.684096044079
-2.02318466891 -0.667090936531 -0.68800569141
-2.0106182983 -0.673411483256 -0.691490857398
-1.99805192768 -0.679692917877 -0.694597445753
-1.98548555707 -0.685934817739 -0.697377607377
-1.97291918645 -0.692136760327 -0.699888886243
-1.96035281584 -0.698298323255 -0.702193266327
-1.94778644523 -0.70441908425 -0.704356134995
-1.93522007461 -0.710498621134 -0.706445179773
-1.922653704 -0.716536511808 -0.708529236679
-1.91008733338 -0.722532334235 -0.710677109252
-1.89752096277 -0.728485666418 -0.712956378081
-1.88495459215 -0.734396086386 -0.715432220928
-1.87238822154 -0.740263172166 -0.718166263549
-1.85982185093 -0.74608650177 -0.721215480956
-1.84725548031 -0.751865653165 -0.724631168184
-1.8346891097 -0.757600204252 -0.728457998619
-1.82212273908 -0.763289732845 -0.732733186623
-1.80955636847 -0.768933816639 -0.737485769592
-1.79698999785 -0.774532033189 -0.74273602269
-1.78442362724 -0.780083959878 -0.748495017426
-1.77185725662 -0.785589173892 -0.754764332872
-1.75929088601 -0.791047252184 -0.761535925893
-1.7467245154 -0.796457771447 -0.768792164106
-1.73415814478 -0.80182030808 -0.7765060226
-1.72159177417 -0.807134438153 -0.784641442728
-1.70902540355 -0.812399737372 -0.793153848507
-1.69645903294 -0.817615781039 -0.801990813526
-1.68389266232 -0.822782144018 -0.811092868606
-1.67132629171 -0.82789840069 -0.820394438067
-1.6587599211 -0.832964124915 -0.829824890117
-1.64619355048 -0.837978889984 -0.839309684859
-1.63362717987 -0.842942268578 -0.848771601589
-1.62106080925 -0.847853832717 -0.85813202555
-1.60849443864 -0.852713153711 -0.867312273082
-1.59592806802 -0.857519802112 -0.876234933264
-1.58336169741 -0.862273347657 -0.884825203613
-1.57079532679 -0.866973359214 -0.893012197273
-1.55822895618 -0.871619404723 -0.900730199335
-1.54566258557 -0.876211051139 -0.907919850541
-1.53309621495 -0.880747864367 -0.914529237591
-1.52052984434 -0.885229409197 -0.920514870574
-1.50796347372 -0.889655249236 -0.925842529723
-1.49539710311 -0.89402494684 -0.93048796564
-1.48283073249 -0.898338063037 -0.934437439408
-1.47026436188 -0.902594157456 -0.937688091491
-1.45769799127 -0.906792788243 -0.940248131042
-1.44513162065 -0.910933511978 -0.942136840143
-1.43256525004 -0.915015883595 -0.943384390454
-1.41999887942 -0.919039456287 -0.944031472901
-1.40743250881 -0.923003781414 -0.944128744078
-1.39486613819 -0.926908408406 -0.943736096172
-1.38229976758 -0.930752884667 -0.942921760199
-1.36973339697 -0.93453675546 -0.941761255257
-1.35716702635 -0.938259563807 -0.940336199187
-1.34460065574 -0.941920850369 -0.938732998567
-1.33203428512 -0.945520153331 -0.937041438157
-1.31946791451 -0.949057008273 -0.935353191898
-1.30690154389 -0.952530948047 -0.933760279122
-1.29433517328 -0.955941502637 -0.932353490899
-1.28176880266 -0.959288199021 -0.931220812266
-1.26920243205 -0.962570561025 -0.93044586654
-1.25663606144 -0.965788109168 -0.93010640792
-1.24406969082 -0.968940360503 -0.930272888169
-1.23150332021 -0.972026828451 -0.931007122349
-1.21893694959 -0.975047022628 -0.932361077309
-1.20637057898 -0.978000448659 -0.934375805002
-1.19380420836 -0.980886607991 -0.93708054063
-1.18123783775 -0.983704997695 -0.940491983287
-1.16867146714 -0.986455110257 -0.944613774013
-1.15610509652 -0.989136433359 -0.949436183221
-1.14353872591 -0.991748449654 -0.954936016232
-1.13097235529 -0.994290636528 -0.961076742239
-1.11840598468 -0.99676246585 -0.96780884848
-1.10583961406 -0.999163403708 -0.97507041779
-1.09327324345 -1.00149291014 -0.982787924026
-1.08070687283 -1.00375043885 -0.990877236278
-1.06814050222 -1.00593543689 -0.999244819217
-1.05557413161 -1.00804734437 -1.00778911358
-1.04300776099 -1.0100855941 -1.01640207762
-1.03044139038 -1.01204961126 -1.02497086734
-1.01787501976 -1.01393881303 -1.03337963097
-1.00530864915 -1.0157526082 -1.04151139043
-0.992742278534 -1.01749039676 -1.04924998118
-0.98017590792 -1.0191515695 -1.05648202001
-0.967609537306 -1.02073550753 -1.06309886944
-0.955043166691 -1.02224158181 -1.06899856699
-0.942476796077 -1.02366915269 -1.07408768741
-0.929910425463 -1.02501756933 -1.07828310648
-0.917344054848 -1.02628616917 -1.08151363598
-0.904777684234 -1.02747427736 -1.08372150078
-0.89221131362 -1.02858120609 -1.08486363111
-0.879644943005 -1.02960625399 -1.08491274528
-0.867078572391 -1.03054870542 -1.08385820095
-0.854512201776 -1.03140782968 -1.08170659633
-0.841945831162 -1.03218288031 -1.07848210604
-0.829379460548 -1.03287309422 -1.07422654045
-0.816813089933 -1.0334776908 -1.06899912092
-0.804246719319 -1.03399587102 -1.06287596812
-0.791680348705 -1.03442681639 -1.0559493045
-0.77911397809 -1.03476968797 -1.04832637664
-0.766547607476 -1.03502362515 -1.04012810756
-0.753981236862 -1.03518774453 -1.03148749313
-0.741414866247 -1.03526113859 -1.02254776131
-0.728848495633 -1.03524287433 -1.01346031646
-0.716282125018 -1.0351319918 -1.00438249489
-0.703715754404 -1.03492750251 -0.995475161148
-0.69114938379 -1.03462838778 -0.986900177254
-0.678583013175 -1.03423359687 -0.978817780014
-0.666016642561 -1.0337420451 -0.971383903205
-0.653450271947 -1.0331526117 -0.964747483177
-0.640883901332 -1.03246413755 -0.959047787312
-0.628317530718 -1.03167542278 -0.954411805231
-0.615751160104 -1.03078522411 -0.950951742442
-0.603184789489 -1.02979225198 -0.948762655417
-0.590618418875 -1.02869516747 -0.947920265735
-0.578052048261 -1.02749257894 -0.948478989032
-0.565485677646 -1.02618303839 -0.950470212073
-0.552919307032 -1.02476503744 -0.953900848298
-0.540352936417 -1.02323700301 -0.958752198741
-0.527786565803 -1.02159729255 -0.964979141356
-0.515220195189 -1.01984418886 -0.97250966752
-0.502653824574 -1.0179758943 -0.981244779895
-0.49008745396 -1.01599052457 -0.991058760957
-0.477521083346 -1.0138861017 -1.00179981647
-0.464954712731 -1.01166054639 -1.01329109297
-0.452388342117 -1.00931166947 -1.02533206314
-0.439821971503 -1.00683716246 -1.03770026764
-0.427255600888 -1.00423458697 -1.05015339698
-0.414689230274 -1.00150136289 -1.06243169186
-0.402122859659 -0.998634755191 -1.07426063599
-0.389556489045 -0.995631858929 -1.0853539106
-0.376990118431 -0.992489582457 -1.09541657628
-0.364423747816 -0.9892046283 -1.10414844371
-0.351857377202 -0.985773471402 -1.11124759227
-0.339291006588 -0.982192334262 -1.1164139924
-0.326724635973 -0.978457158358 -1.11935318618
-0.314158265359 -0.97456357117 -1.11977997862
-0.301591894745 -0.970506847897 -1.11742209209
-0.28902552413 -0.966281866778 -1.11202373557
-0.276459153516 -0.961883056611 -1.10334904153
-0.263892782902 -0.957304334694 -1.09118532417
-0.251326412287 -0.952539032906 -1.0753461148
-0.238760041673 -0.947579808951 -1.0556739324
-0.226193671058 -0.94241853885 -1.03204275091
-0.213627300444 -0.937046185445 -1.004360128
-0.20106092983 -0.931452635851 -0.972568964384
-0.188494559215 -0.925626498107 -0.936648867611
-0.175928188601 -0.91955484335 -0.896617098644
-0.163361817987 -0.913222873999 -0.85252908546
-0.150795447372 -0.906613489298 -0.804478493048
-0.138229076758 -0.899706705211 -0.752596845069
-0.125662706144 -0.892478861982 -0.697052698237
-0.113096335529 -0.88490151229 -0.638050376275
-0.100529964915 -0.876939810732 -0.57582827612
-0.0879635943005 -0.868550089053 -0.510656764615
-0.0753972236862 -0.859676026175 -0.442835689363
-0.0628308530718 -0.850242217327 -0.372691532497
-0.0502644824574 -0.840142465143 -0.300574240846
-0.0376981118431 -0.829215906351 -0.226853770288
-0.0251317412287 -0.817189202453 -0.15191638585
-0.0125653706144 -0.803486420816 -0.0761607623958
1e-06 0.785401963849 6.06662776505e-06
0.0125673706144 0.803488797335 0.0761728628702
0.0251337412287 0.817191227316 0.151928388316
0.0377001118431 0.829217723325 0.226865610521
0.0502664824574 0.840144133054 0.300585856276
0.0628328530718 0.850243768385 0.372702862845
0.0753992236862 0.859677480736 0.442846677247
0.0879655943005 0.868551461152 0.510667356118
0.100531964915 0.876941110631 0.575838421321
0.113098335529 0.884902747818 0.638060029727
0.125664706144 0.892480039308 0.697061819393
0.138231076758 0.89970782932 0.75260539865
0.150797447372 0.906614564302 0.80448644934
0.163363817987 0.913223903348 0.852536420557
0.175930188601 0.919555829976 0.896623794611
0.188496559215 0.925627444534 0.936654912579
0.20106292983 0.931453544277 0.972574352577
0.213629300444 0.937047057797 1.00436485968
0.226195671058 0.942419376833 1.03204683229
0.238762041673 0.947580614085 1.05567737541
0.251328412287 0.952539806552 1.07534893688
0.263894782902 0.95730507808 1.09118754795
0.276461153516 0.96188377085 1.10335069444
0.28902752413 0.966282552882 1.11202484946
0.301593894745 0.97050750679 1.11742270274
0.314160265359 0.974564203703 1.11978012524
0.326726635973 0.978457765314 1.11935291088
0.339293006588 0.982192916362 1.11641333965
0.351859377202 0.985774029317 1.11124660828
0.364425747816 0.989205162653 1.1041471759
0.376992118431 0.992490093828 1.09541507264
0.389558489045 0.99563234786 1.08535221914
0.402124859659 0.99863522219 1.07425880416
0.414691230274 1.00150180844 1.062429766
0.427257600888 1.0042350115 1.05015142181
0.439823971503 1.00683756641 1.03769828575
0.452390342117 1.00931205324 1.02533011455
0.464956712731 1.01166091035 1.01328921472
0.477523083346 1.01388644621 1.00179804227
0.49008945396 1.01599084997 0.991057120886
0.502655824574 1.01797620092 0.981243300134
0.515222195189 1.01984447699 0.972508370174
0.527788565803 1.0215975625 0.964978044319
0.540354936417 1.02323725504 0.958751315624
0.552921307032 1.02476527183 0.953900188414
0.565487677646 1.0261832554 0.950469780482
0.578054048261 1.02749277881 0.948478786646
0.590620418875 1.02869535043 0.947920289473
0.603186789489 1.02979241826 0.948762898407
0.615753160104 1.03078537393 0.950952194279
0.628319530718 1.03167555635 0.95441245227
0.640885901332 1.03246425507 0.959048612998
0.653452271947 1.03315271336 0.964748468411
0.666018642561 1.03374213109 0.971385026731
0.678585013175 1.03423366737 0.978819018826
0.69115138379 1.03462844296 0.98690150702
0.703717754404 1.03492754256 0.995476556637
0.716284125018 1.03513201687 1.0043839304
0.728850495633 1.03524288458 1.01346176624
0.741416866247 1.03526113418 1.02254919997
0.753983236862 1.0351877256 1.03148889605
0.766549607476 1.03502359186 1.04012945123
0.77911597809 1.03476964045 1.04832763902
0.791682348705 1.03442675479 1.05595046534
0.804248719319 1.03399579546 1.06287700924
0.816815089933 1.03347760143 1.0690000264
0.829381460548 1.03287299116 1.07422729687
0.841947831162 1.03218276369 1.07848270262
0.854514201776 1.03140769961 1.08170702501
0.867080572391 1.03054856203 1.08385845648
0.879646943005 1.02960609741 1.08491282522
0.89221331362 1.02858103641 1.08486353579
0.904779684234 1.0274740947 1.08372123324
0.917346054848 1.02628597365 1.08151320185
0.929912425463 1.02501736106 1.07828251381
0.942478796077 1.02366893177 1.0740869465
0.955045166691 1.02224134834 1.06899769017
0.967611537306 1.02073526161 1.0630978708
0.98017790792 1.01915131124 1.05648091514
0.992744278534 1.01749012626 1.0492487869
1.00531064915 1.01575232555 1.04151012444
1.01787701976 1.01393851834 1.03337831161
1.03044339038 1.01204930461 1.02496951321
1.04300976099 1.01008527559 1.01640070729
1.05557613161 1.00804701409 1.00778774531
1.06814250222 1.00593509494 0.999243470626
1.08070887283 1.00375008531 0.990875924088
1.09327524345 1.0014925451 0.982786663801
1.10584161406 0.999163027256 0.975069223702
1.11840798468 0.996762078072 0.967807733105
1.13097435529 0.99429023751 0.961075716377
1.14354072591 0.991748039481 0.95493508877
1.15610709652 0.989136012113 0.949435361018
1.16867346714 0.986454678022 0.944613061828
1.18123983775 0.983704554554 0.940491383741
1.19380620836 0.980886154023 0.937080054201
1.20637257898 0.977999983945 0.93437543006
1.21893894959 0.975046547248 0.932360810183
1.23150532021 0.972026342485 0.931006957423
1.24407169082 0.968939864027 0.930272818015
1.25663806144 0.965787602261 0.930106423453
1.26920443205 0.962570043765 0.9304459572
1.28177080266 0.959287671484 0.931220966223
1.29433717328 0.955940964898 0.932353695271
1.30690354389 0.952530400183 0.933760520213
1.31946991451 0.949056450359 0.935353455438
1.33203628512 0.94551958544 0.937041709558
1.34460265574 0.941920272577 0.938733263169
1.35716902635 0.938258976186 0.94033644251
1.36973539697 0.934536158085 0.941761463242
1.38230176758 0.930752277609 0.942921919439
1.39486813819 0.92690779174 0.943736194128
1.40743450881 0.923003155209 0.944128769282
1.42000087942 0.919038820618 0.944031415131
1.43256725004 0.915015238532 0.943384240891
1.44513362065 0.910932857593 0.942136591501
1.45769999127 0.906792124605 0.940247777671
1.47026636188 0.902593484638 0.937687629447
1.48283273249 0.898337381109 0.934436866502
1.49539910311 0.894024255871 0.930487281448
1.50796547372 0.889654549297 0.925841735574
1.52053184434 0.885228700358 0.920513969504
1.53309821495 0.880747146697 0.914528234269
1.54566458557 0.876210324707 0.907918751171
1.55823095618 0.871618669599 0.900729011534
1.57079732679 0.866972615466 0.893010929923
1.58336369741 0.862272595355 0.884823866698
1.59593006802 0.857519041324 0.876233537686
1.60849643864 0.852712384506 0.86731083047
1.62106280925 0.847853055163 0.858130548051
1.63362917987 0.842941482743 0.84877010166
1.64619555048 0.837978095937 0.839308175053
1.6587619211 0.832963322723 0.829823382871
1.67132829171 0.827897590422 0.82039294549
1.68389466232 0.822781325741 0.811091402282
1.69646103294 0.817614954821 0.801989384323
1.70902740355 0.812398903281 0.793152466404
1.72159377417 0.807133596257 0.78464011665
1.73416014478 0.801819458446 0.776504760288
1.7467265154 0.796456914142 0.76879097199
1.75929288601 0.791046387276 0.761534809006
1.77185925662 0.785588301449 0.754763294774
1.78442562724 0.780083079967 0.748494060164
1.79699199785 0.774531145877 0.742735146778
1.80955836847 0.768932921993 0.737484974015
1.82212473908 0.763288830933 0.732732468879
1.8346911097 0.757599295141 0.728457354768
1.84725748031 0.751864736922 0.724630592938
1.85982385093 0.746085578462 0.721214967777
1.87239022154 0.740262241861 0.718165804777
1.88495659215 0.73439514915 0.715431807921
1.89752296277 0.728484722319 0.712956001372
1.91008933338 0.722531383339 0.71067675872
1.922655704 0.716535554184 0.708528901728
1.93522207461 0.710497656848 0.70644484952
1.94778844523 0.704418113369 0.704355798454
1.96035481584 0.698297345847 0.702192912604
1.97292118645 0.692135776458 0.699888504718
1.98548755707 0.685933827477 0.697377187885
1.99805392768 0.67969192129 0.694596978756
2.0106202983 0.67341048041 0.691490334143
2.02318666891 0.667089927494 0.688005104073
2.03575303953 0.660730685355 0.684095385891
2.04831941014 0.654333176976 0.679722265797
2.06088578075 0.647897825521 0.67485443616
2.07345215137 0.641425054351 0.66946867916
2.08601852198 0.63491528703 0.663550209566
2.0985848926 0.628368947341 0.657092871916
2.11115126321 0.621786459291 0.65009918981
2.12371763383 0.615168247124 0.642580267538
2.13628400444 0.608514735329 0.634555546727
2.14885037506 0.601826348649 0.626052423122
2.16141674567 0.595103512085 0.617105730914
2.17398311628 0.588346650908 0.60775710421
2.1865494869 0.581556190666 0.598054227241
2.19911585751 0.574732557184 0.588049986694
2.21168222813 0.567876176579 0.577801541122
2.22424859874 0.560987475256 0.567369323671
2.23681496936 0.55406687992 0.556815995407
2.24938133997 0.547114817576 0.546205367233
2.26194771058 0.540131715538 0.535601308817
2.2745140812 0.533118001425 0.525066663053
2.28708045181 0.526074103173 0.514662184401
2.29964682243 0.51900044903 0.504445518916
2.31221319304 0.511897467564 0.494470242989
2.32477956366 0.504765587663 0.484784976758
2.33734593427 0.497605238535 0.475432586764
2.34991230489 0.490416849713 0.466449490894
2.3624786755 0.483200851053 0.457865076817
2.37504504611 0.475957672737 0.449701243193
2.38761141673 0.468687745271 0.441972070773
2.40017778734 0.461391499488 0.434683628341
2.41274415796 0.454069366544 0.427833916078
2.42531052857 0.446721777922 0.421412946689
2.43787689919 0.439349165426 0.415402962213
2.4504432698 0.431951961186 0.409778782252
2.46300964041 0.424530597652 0.404508277071
2.47557601103 0.417085507592 0.399552957015
2.48814238164 0.409617124096 0.394868667718
2.50070875226 0.402125880567 0.390406378858
2.51327512287 0.394612210723 0.38611305268
2.52584149349 0.387076548592 0.381932577225
2.5384078641 0.379519328511 0.377806748158
2.55097423471 0.371940985122 0.373676282352
2.56354060533 0.364341953371 0.369481845887
2.57610697594 0.356722668499 0.365165078977
2.58867334656 0.349083566046 0.360669600419
2.60123971717 0.34142508184 0.355941974604
2.61380608779 0.333747651999 0.350932624791
2.6263724584 0.326051712923 0.345596677334
2.63893882902 0.31833770129 0.339894722748
2.65150519963 0.310606054054 0.333793480978
2.66407157024 0.302857208438 0.327266359868
2.67663794086 0.29509160193 0.320293897695
2.68920431147 0.287309672276 0.31286408259
2.70177068209 0.27951185748 0.304972543806
2.7143370527 0.271698595793 0.29662261195
2.72690342332 0.26387032571 0.287825247516
2.73946979393 0.256027485966 0.278598839329
2.75203616454 0.248170515528 0.26896887664
2.76460253516 0.24029985359 0.258967500797
2.77716890577 0.232415939566 0.24863294442
2.78973527639 0.224519213087 0.238008867874
2.802301647 0.216610113992 0.227143604584
2.81486801762 0.208689082322 0.216089328226
2.82743438823 0.200756558315 0.204901156131
2.84000075885 0.192812982399 0.193636204287
2.85256712946 0.184858795184 0.182352610122
2.86513350007 0.176894437458 0.171108539743
2.87769987069 0.168920350178 0.159961196556
2.8902662413 0.160936974465 0.148965848132
2.90283261192 0.152944751595 0.13817488785
2.91539898253 0.144944122995 0.127636947216
2.92796535315 0.136935530232 0.117396073893
2.94053172376 0.12891941501 0.107490989331
2.95309809437 0.120896219159 0.0979544385138
2.96566446499 0.112866384631 0.0888126427757
2.9782308356 0.104830353493 0.0800848648585
2.99079720622 0.0967885679136 0.071783093491
3.00336357683 0.0887414701648 0.0639118527204
3.01592994745 0.0806895026074 0.0564681391145
3.02849631806 0.0726331076866 0.0494414877794
3.04106268867 0.064572727924 0.0428141659566
3.05362905929 0.0565088059099 0.0365614907974
3.0661954299 0.048441784296 0.0306522658142
3.07876180052 0.0403721057874 0.025049328497
3.09132817113 0.0323002131354 0.0197101997048
3.10389454175 0.0242265491297 0.0145878237211
3.11646091236 0.0161515565905 0.00963138632903
3.12902728298 0.00807567836134 0.00478719694559
3.14159365359 -6.42699081735e-07 -3.80229952351e-07
3.1541600242 -0.00807696372426 -0.00478796192396
3.16672639482 -0.0161528418477 -0.00963216478452
3.17929276543 -0.0242278342107 -0.0145886243788
3.19185913605 -0.0323014979697 -0.0197110309051
3.20442550666 -0.0403733903046 -0.0250501980507
3.21699187728 -0.0484430684255 -0.0306531808669
3.22955824789 -0.0565100895813 -0.0365624577052
3.2421246185 -0.0645740110669 -0.0428151901752
3.25469098912 -0.0726343902305 -0.0494425737686
3.26725735973 -0.0806907844818 -0.0564692902595
3.27982373035 -0.0887427512994 -0.0639130712719
3.29239010096 -0.096789848238 -0.071784380524
3.30495647158 -0.104831632936 -0.080086220252
3.31752284219 -0.112867663124 -0.0888140652123
3.33008921281 -0.12089749663 -0.0979559254997
3.34265558342 -0.128920691389 -0.107492537236
3.35522195403 -0.13693680545 -0.117397678013
3.36778832465 -0.14494539698 -0.127638601847
3.38035469526 -0.152946024278 -0.138176586387
3.39292106588 -0.160938245774 -0.148967583179
3.40548743649 -0.168921620044 -0.15996296005
3.41805380711 -0.17689570581 -0.171110323093
3.43062017772 -0.184860061953 -0.182354404353
3.44318654833 -0.192814247514 -0.19363800019
3.45575291895 -0.200757821707 -0.204902944426
3.46831928956 -0.20869034392 -0.216091099716
3.48088566018 -0.216611373725 -0.227145350311
3.49345203079 -0.224520470887 -0.238010579276
3.50601840141 -0.232417195361 -0.248634613476
3.51858477202 -0.240301107311 -0.258969120165
3.53115114263 -0.248171767105 -0.268970439784
3.54371751325 -0.256028735329 -0.278600340634
3.55628388386 -0.263871572789 -0.287826682381
3.56885025448 -0.271699840518 -0.296623976873
3.58141662509 -0.279513099782 -0.304973836446
3.59398299571 -0.287310912084 -0.312865301805
3.60654936632 -0.295092839175 -0.320295043568
3.61911573694 -0.302858443051 -0.327267433707
3.63168210755 -0.310607285964 -0.333794485293
3.64424847816 -0.318338930428 -0.339895661215
3.65681484878 -0.326052939219 -0.34559755473
3.66938121939 -0.333748875384 -0.350933446918
3.68194759001 -0.341426302245 -0.355942748187
3.69451396062 -0.3490847834 -0.360670332997
3.70708033124 -0.356723882734 -0.36516577877
3.71964670185 -0.364343164417 -0.369482521659
3.73221307246 -0.371942192911 -0.373676943259
3.74477944308 -0.379520532972 -0.377807403594
3.75734581369 -0.387077749656 -0.381933236657
3.76991218431 -0.394613408322 -0.386113725484
3.78247855492 -0.402127074632 -0.390407074157
3.79504492554 -0.409618314557 -0.394869394224
3.80761129615 -0.41708669438 -0.399553722874
3.82017766677 -0.424531780697 -0.40450908972
3.83274403738 -0.431953140421 -0.409779648288
3.84531040799 -0.439350340782 -0.415403887273
3.85787677861 -0.446722949329 -0.421413935346
3.87044314922 -0.454070533935 -0.427834971762
3.88300951984 -0.461392662793 -0.434684753265
3.89557589045 -0.468688904422 -0.441973265897
3.90814226107 -0.475958827664 -0.449702508191
3.92070863168 -0.483202001689 -0.457866410085
3.93327500229 -0.490417995988 -0.466450889559
3.94584137291 -0.497606380382 -0.475434046736
3.95840774352 -0.504766725013 -0.484786492786
3.97097411414 -0.511898600349 -0.494471808747
3.98354048475 -0.519001577182 -0.504447127102
3.99610685537 -0.526075226623 -0.514663826862
4.00867322598 -0.533119120105 -0.525068330913
4.02123959659 -0.54013282938 -0.535602992627
4.03380596721 -0.547115926512 -0.546207057131
4.04637233782 -0.554067983882 -0.556817681279
4.05893870844 -0.560988574176 -0.567370995329
4.07150507905 -0.567877270389 -0.577803188473
4.08407144967 -0.574733645816 -0.588051599914
4.09663782028 -0.581557274052 -0.598055796944
4.1092041909 -0.588347728981 -0.607758621614
4.12177056151 -0.595104584776 -0.617107187993
4.13433693212 -0.601827415891 -0.626053812747
4.14690330274 -0.608515797055 -0.634556862794
4.15946967335 -0.615169303265 -0.642581505079
4.17203604397 -0.62178750978 -0.650100345087
4.18460241458 -0.628369992111 -0.657093942489
4.1971687852 -0.634916326013 -0.663551194347
4.20973515581 -0.641426087479 -0.669469578437
4.22230152642 -0.647898852728 -0.674855251603
4.23486789704 -0.654334198193 -0.679723000437
4.24743426765 -0.660731700516 -0.684096044079
4.26000063827 -0.667090936531 -0.68800569141
4.27256700888 -0.673411483256 -0.691490857398
4.2851333795 -0.679692917877 -0.694597445753
4.29769975011 -0.685934817739 -0.697377607377
4.31026612073 -0.692136760327 -0.699888886243
4.32283249134 -0.698298323255 -0.702193266327
4.33539886195 -0.70441908425 -0.704356134995
4.34796523257 -0.710498621134 -0.706445179773
4.36053160318 -0.716536511808 -0.708529236679
4.3730979738 -0.722532334235 -0.710677109252
4.38566434441 -0.728485666418 -0.712956378081
4.39823071503 -0.734396086386 -0.715432220928
4.41079708564 -0.740263172166 -0.718166263549
4.42336345625 -0.74608650177 -0.721215480956
4.43592982687 -0.751865653165 -0.724631168184
4.44849619748 -0.757600204252 -0.728457998619
4.4610625681 -0.763289732845 -0.732733186623
4.47362893871 -0.768933816639 -0.737485769592
4.48619530933 -0.774532033189 -0.74273602269
4.49876167994 -0.780083959878 -0.748495017426
4.51132805055 -0.785589173892 -0.754764332872
4.52389442117 -0.791047252184 -0.761535925893
4.53646079178 -0.796457771447 -0.768792164106
4.5490271624 -0.80182030808 -0.7765060226
4.56159353301 -0.807134438153 -0.784641442728
4.57415990363 -0.812399737372 -0.793153848507
4.58672627424 -0.817615781039 -0.801990813526
4.59929264486 -0.822782144018 -0.811092868606
4.61185901547 -0.82789840069 -0.820394438067
4.62442538608 -0.832964124915 -0.829824890117
4.6369917567 -0.837978889984 -0.839309684859
4.64955812731 -0.842942268578 -0.848771601589
4.66212449793 -0.847853832717 -0.85813202555
4.67469086854 -0.852713153711 -0.867312273082
4.68725723916 -0.857519802112 -0.876234933264
4.69982360977 -0.862273347657 -0.884825203613
4.71238998038 -0.866973359214 -0.893012197273
4.724956351 -0.871619404723 -0.900730199335
4.73752272161 -0.876211051139 -0.907919850541
4.75008909223 -0.880747864367 -0.914529237591
4.76265546284 -0.885229409197 -0.920514870574
4.77522183346 -0.889655249236 -0.925842529723
4.78778820407 -0.89402494684 -0.93048796564
4.80035457469 -0.898338063037 -0.934437439408
4.8129209453 -0.902594157456 -0.937688091491
4.82548731591 -0.906792788243 -0.940248131042
4.83805368653 -0.910933511978 -0.942136840143
4.85062005714 -0.915015883595 -0.943384390454
4.86318642776 -0.919039456287 -0.944031472901
4.87575279837 -0.923003781414 -0.944128744078
4.88831916899 -0.926908408406 -0.943736096172
4.9008855396 -0.930752884667 -0.942921760199
4.91345191021 -0.93453675546 -0.941761255257
4.92601828083 -0.938259563807 -0.940336199187
4.93858465144 -0.941920850369 -0.938732998567
4.95115102206 -0.945520153331 -0.937041438157
4.96371739267 -0.949057008273 -0.935353191898
4.97628376329 -0.952530948047 -0.933760279122
4.9888501339 -0.955941502637 -0.932353490899
5.00141650451 -0.959288199021 -0.931220812266
5.01398287513 -0.962570561025 -0.93044586654
5.02654924574 -0.965788109168 -0.93010640792
5.03911561636 -0.968940360503 -0.930272888169
5.05168198697 -0.972026828451 -0.931007122349
5.06424835759 -0.975047022628 -0.932361077309
5.0768147282 -0.978000448659 -0.934375805002
5.08938109882 -0.980886607991 -0.93708054063
5.10194746943 -0.983704997695 -0.940491983287
5.11451384004 -0.986455110257 -0.944613774013
5.12708021066 -0.989136433359 -0.949436183221
5.13964658127 -0.991748449654 -0.954936016232
5.15221295189 -0.994290636528 -0.961076742239
5.1647793225 -0.99676246585 -0.96780884848
5.17734569312 -0.999163403708 -0.97507041779
5.18991206373 -1.00149291014 -0.982787924026
5.20247843434 -1.00375043885 -0.990877236278
5.21504480496 -1.00593543689 -0.999244819217
5.22761117557 -1.00804734437 -1.00778911358
5.24017754619 -1.0100855941 -1.01640207762
5.2527439168 -1.01204961126 -1.02497086734
5.26531028742 -1.01393881303 -1.03337963097
5.27787665803 -1.0157526082 -1.04151139043
5.29044302865 -1.01749039676 -1.04924998118
5.30300939926 -1.0191515695 -1.05648202001
5.31557576987 -1.02073550753 -1.06309886944
5.32814214049 -1.02224158181 -1.06899856699
5.3407085111 -1.02366915269 -1.07408768741
5.35327488172 -1.02501756933 -1.07828310648
5.36584125233 -1.02628616917 -1.08151363598
5.37840762295 -1.02747427736 -1.08372150078
5.39097399356 -1.02858120609 -1.08486363111
5.40354036417 -1.02960625399 -1.08491274528
5.41610673479 -1.03054870542 -1.08385820095
5.4286731054 -1.03140782968 -1.08170659633
5.44123947602 -1.03218288031 -1.07848210604
5.45380584663 -1.03287309422 -1.07422654045
5.46637221725 -1.0334776908 -1.06899912092
5.47893858786 -1.03399587102 -1.06287596812
5.49150495847 -1.03442681639 -1.0559493045
5.50407132909 -1.03476968797 -1.04832637664
5.5166376997 -1.03502362515 -1.04012810756
5.52920407032 -1.03518774453 -1.03148749313
5.54177044093 -1.03526113859 -1.02254776131
5.55433681155 -1.03524287433 -1.01346031646
5.56690318216 -1.0351319918 -1.00438249489
5.57946955278 -1.03492750251 -0.995475161148
5.59203592339 -1.03462838778 -0.986900177254
5.604602294 -1.03423359687 -0.978817780014
5.61716866462 -1.0337420451 -0.971383903205
5.62973503523 -1.0331526117 -0.964747483177
5.64230140585 -1.03246413755 -0.959047787312
5.65486777646 -1.03167542278 -0.954411805231
5.66743414708 -1.03078522411 -0.950951742442
5.68000051769 -1.02979225198 -0.948762655417
5.6925668883 -1.02869516747 -0.947920265735
5.70513325892 -1.02749257894 -0.948478989032
5.71769962953 -1.02618303839 -0.950470212073
5.73026600015 -1.02476503744 -0.953900848298
5.74283237076 -1.02323700301 -0.958752198741
5.75539874138 -1.02159729255 -0.964979141356
5.76796511199 -1.01984418886 -0.97250966752
5.78053148261 -1.0179758943 -0.981244779895
5.79309785322 -1.01599052457 -0.991058760957
5.80566422383 -1.0138861017 -1.00179981647
5.81823059445 -1.01166054639 -1.01329109297
5.83079696506 -1.00931166947 -1.02533206314
5.84336333568 -1.00683716246 -1.03770026764
5.85592970629 -1.00423458697 -1.05015339698
5.86849607691 -1.00150136289 -1.06243169186
5.88106244752 -0.998634755191 -1.07426063599
5.89362881813 -0.995631858929 -1.0853539106
5.90619518875 -0.992489582457 -1.09541657628
5.91876155936 -0.9892046283 -1.10414844371
5.93132792998 -0.985773471402 -1.11124759227
5.94389430059 -0.982192334262 -1.1164139924
5.95646067121 -0.978457158358 -1.11935318618
5.96902704182 -0.97456357117 -1.11977997862
5.98159341243 -0.970506847897 -1.11742209209
5.99415978305 -0.966281866778 -1.11202373557
6.00672615366 -0.961883056611 -1.10334904153
6.01929252428 -0.957304334694 -1.09118532417
6.03185889489 -0.952539032906 -1.0753461148
6.04442526551 -0.947579808951 -1.0556739324
6.05699163612 -0.94241853885 -1.03204275091
6.06955800674 -0.937046185445 -1.004360128
6.08212437735 -0.931452635851 -0.972568964384
6.09469074796 -0.925626498107 -0.936648867611
6.10725711858 -0.91955484335 -0.896617098644
6.11982348919 -0.913222873999 -0.85252908546
6.13238985981 -0.906613489298 -0.804478493048
6.14495623042 -0.899706705211 -0.752596845069
6.15752260104 -0.892478861982 -0.697052698237
6.17008897165 -0.88490151229 -0.638050376275
6.18265534226 -0.876939810732 -0.57582827612
6.19522171288 -0.868550089053 -0.510656764615
6.20778808349 -0.859676026175 -0.442835689363
6.22035445411 -0.850242217327 -0.372691532497
6.23292082472 -0.840142465143 -0.300574240846
6.24548719534 -0.829215906351 -0.226853770288
6.25805356595 -0.817189202453 -0.15191638585
6.27061993657 -0.803486420816 -0.0761607623958
6.28318630718 0.785401963849 6.06662776431e-06
